Afghanistan
AF
0
58843
0
2582
0
52489
Albania
AL
0
130537
0
2378
0
105728
Algeria
DZ
0
120922
0
3207
0
84299
Andorra
AD
0
13060
0
124
0
12491
Angola
AO
0
25609
0
579
0
23092
Antigua and Barbuda
AG
0
1227
0
31
0
1002
Argentina
AR
0
2860884
0
61644
0
2518167
Armenia
AM
0
213288
0
4018
0
194080
Australia
AU
17
29680
0
910
14
23209
Austria
AT
0
608979
0
10087
0
573155
Azerbaijan
AZ
0
313006
0
4371
0
279179
Bahamas
BS
0
10050
0
196
0
9262
Bahrain
BH
0
171370
0
624
0
160089
Bangladesh
BD
0
745322
0
11053
0
657452
Barbados
BB
0
3824
0
44
0
3726
Belarus
BY
0
352950
0
2493
0
343557
Belgium
BE
2377
974418
34
24024
0
0
Belize
BZ
0
12599
0
321
0
12168
Benin
BJ
0
7720
0
97
0
7510
Bhutan
BT
0
1022
0
1
0
927
Bolivia
BO
0
297659
0
12824
0
245633
Bosnia and Herzegovina
BA
0
194733
0
8203
0
153408
Botswana
BW
0
45855
0
691
0
41338
Brazil
BR
32572
14340787
1305
390797
8548
12614559
Brunei Darussalam
BN
0
223
0
3
0
210
Bulgaria
BG
0
397500
0
15907
0
324943
Burkina Faso
BF
0
13263
0
156
0
12937
Burundi
BI
0
3853
0
6
0
773
Cambodia
KH
0
9975
0
74
0
3400
Cameroon
CM
0
65998
0
991
0
35261
Canada
CA
5489
1005159
35
21882
6967
1081040
Cape Verde
CV
0
22349
0
203
0
19204
Central African Republic
CF
0
6224
0
85
0
5112
Chad
TD
0
4770
0
169
0
4389
Chile
CL
6725
1169536
114
25856
6983
1099918
China
CN
17
102384
0
4845
22
97051
Colombia
CO
17190
2774464
465
71351
14547
2588204
Comoros
KM
0
3829
0
146
0
3650
Congo (Brazzaville)
CG
0
10678
0
144
0
8208
Congo (Kinshasa)
CD
0
29576
0
756
0
26156
Costa Rica
CR
0
238760
0
3143
0
199982
Croatia
HR
0
322626
0
6854
0
300492
Cuba
CU
0
101503
0
591
0
95095
Cyprus
CY
0
62349
0
298
0
39061
Czech Republic
CZ
0
1619383
0
28962
0
1524146
Côte d'Ivoire
CI
0
45852
0
282
0
45374
Denmark
DK
0
248316
0
2476
0
236314
Djibouti
DJ
0
10802
0
136
0
10324
Dominica
DM
0
173
0
0
0
171
Dominican Republic
DO
0
264863
0
3454
0
221825
Ecuador
EC
0
373362
0
18177
0
318598
Egypt
EG
0
222523
0
13049
0
167024
El Salvador
SV
0
68468
0
2103
0
64405
Equatorial Guinea
GQ
0
7559
0
107
0
7097
Eritrea
ER
0
3605
0
10
0
3410
Estonia
EE
0
120215
0
1143
0
107298
Ethiopia
ET
0
252279
0
3551
0
192747
Fiji
FJ
0
91
0
2
0
65
Finland
FI
0
85804
0
903
0
46000
France
FR
0
5559121
0
103017
0
338191
Gabon
GA
0
22433
0
138
0
19074
Gambia
GM
0
5857
0
173
0
5284
Georgia
GE
0
303751
0
4025
0
285971
Germany
DE
15399
3306692
61
81671
14830
2917730
Ghana
GH
0
92166
0
777
0
89920
Greece
GR
0
333129
0
10007
0
93764
Grenada
GD
0
159
0
1
0
155
Guatemala
GT
0
221698
0
7410
0
196657
Guinea
GN
0
21953
0
140
0
19230
Guinea-Bissau
GW
0
3726
0
67
0
3252
Guyana
GY
0
12703
0
284
0
10786
Haiti
HT
0
12958
0
251
0
11945
Holy See (Vatican City State)
VA
0
27
0
0
0
15
Honduras
HN
0
206907
0
5141
0
77679
Hungary
HU
0
769518
0
26625
0
482207
Iceland
IS
0
6390
0
29
0
6227
India
IN
352991
17313163
2812
195123
219272
14304382
Indonesia
ID
0
1641194
0
44594
0
1496126
Iran, Islamic Republic of
IR
0
2396204
0
69574
0
1877517
Iraq
IQ
0
1031322
0
15257
0
905301
Ireland
IE
0
246633
0
4873
0
23364
Israel
IL
0
838024
0
6352
0
829983
Italy
IT
13157
3962674
217
119238
13176
3382224
Jamaica
JM
0
45004
0
760
0
20519
Japan
JP
4623
568621
49
9939
3367
501453
Jordan
JO
0
702154
0
8615
0
668337
Kazakhstan
KZ
0
361575
0
3315
0
314681
Kenya
KE
0
156787
0
2622
0
106588
Korea (South)
KR
0
119387
0
1817
0
108850
Kuwait
KW
0
266949
0
1516
0
250074
Kyrgyzstan
KG
0
93831
0
1582
0
88066
Lao PDR
LA
0
323
0
0
0
49
Latvia
LV
0
115316
0
2102
0
105254
Lebanon
LB
0
520939
0
7142
0
445163
Lesotho
LS
0
10728
0
316
0
6267
Liberia
LR
0
2097
0
85
0
1940
Libya
LY
0
175286
0
2996
0
160643
Liechtenstein
LI
0
2884
0
57
0
2724
Lithuania
LT
0
241297
0
3848
0
217911
Luxembourg
LU
0
66007
0
790
0
62183
Macedonia, Republic of
MK
0
150588
0
4677
0
129053
Madagascar
MG
0
35746
0
599
0
28429
Malawi
MW
0
34016
0
1147
0
31908
Malaysia
MY
0
392942
0
1436
0
367753
Maldives
MV
0
27874
0
71
0
24309
Mali
ML
0
13627
0
467
0
8071
Malta
MT
0
30174
0
413
0
29296
Marshall Islands
MH
0
4
0
0
0
4
Mauritania
MR
0
18257
0
454
0
17587
Mauritius
MU
0
1206
0
16
0
1040
Mexico
MX
1653
2328391
94
214947
2503
1850680
Micronesia, Federated States of
FM
0
1
0
0
0
1
Moldova
MD
0
249139
0
5730
0
237405
Monaco
MC
0
2432
0
32
0
2330
Mongolia
MN
0
31339
0
80
0
16815
Montenegro
ME
0
96660
0
1465
0
92609
Morocco
MA
0
509363
0
8992
0
495262
Mozambique
MZ
0
69665
0
807
0
62501
Myanmar
MM
0
142712
0
3206
0
131930
Namibia
NA
0
47776
0
625
0
45558
Nepal
NP
0
300119
0
3164
0
277573
Netherlands
NL
8013
1461137
11
17049
0
0
New Zealand
NZ
0
2601
0
26
0
2542
Nicaragua
NI
0
6835
0
181
0
4225
Niger
NE
0
5191
0
191
0
4834
Nigeria
NG
0
164719
0
2062
0
154926
Norway
NO
0
110612
0
736
0
17998
Oman
OM
0
188816
0
1977
0
168770
Pakistan
PK
10436
800452
188
17187
7558
694046
Palestinian Territory
PS
0
290972
0
3167
0
262602
Panama
PA
0
362967
0
6209
0
352833
Papua New Guinea
PG
0
10670
0
102
0
8369
Paraguay
PY
0
267082
0
5900
0
219647
Peru
PE
7425
1761575
284
59724
8992
1688091
Philippines
PH
0
997523
0
16783
0
903665
Poland
PL
0
2758856
0
65415
0
2439412
Portugal
PT
0
834442
0
16965
0
792685
Qatar
QA
0
202201
0
428
0
181522
Republic of Kosovo
XK
0
103638
0
2134
0
91211
Romania
RO
0
1046264
0
27394
0
972476
Russian Federation
RU
8652
4708640
326
106434
7504
4338114
Rwanda
RW
0
24593
0
330
0
22941
Saint Kitts and Nevis
KN
0
44
0
0
0
44
Saint Lucia
LC
0
4486
0
70
0
4300
Saint Vincent and Grenadines
VC
0
1830
0
10
0
1711
Samoa
WS
0
3
0
0
0
2
San Marino
SM
0
5047
0
89
0
4839
Sao Tome and Principe
ST
0
2298
0
35
0
2234
Saudi Arabia
SA
0
412216
0
6900
0
395557
Senegal
SN
0
40135
0
1102
0
38861
Serbia
RS
0
679667
0
6227
0
0
Seychelles
SC
0
5284
0
26
0
4675
Sierra Leone
SL
0
4044
0
79
0
2993
Singapore
SG
0
61006
0
30
0
60662
Slovakia
SK
0
379911
0
11495
0
255300
Slovenia
SI
0
237028
0
4208
0
222358
Solomon Islands
SB
0
20
0
0
0
18
Somalia
SO
0
13670
0
698
0
5679
South Africa
ZA
0
1575471
0
54148
0
1501185
South Sudan
SS
0
10532
0
114
0
10250
Spain
ES
0
3468617
0
77591
0
150376
Sri Lanka
LK
0
101379
0
642
0
94311
Sudan
SD
0
33673
0
2300
0
26411
Suriname
SR
0
10045
0
198
0
9088
Swaziland
SZ
0
18442
0
671
0
17737
Sweden
SE
0
938343
0
13923
0
0
Switzerland
CH
0
646509
25
10595
0
317600
Syrian Arab Republic (Syria)
SY
0
22135
0
1537
0
15913
Taiwan, Republic of China
TW
0
1100
0
12
0
1045
Tajikistan
TJ
0
13308
0
90
0
13218
Tanzania, United Republic of
TZ
0
509
0
21
0
183
Thailand
TH
0
55460
0
140
0
26873
Timor-Leste
TL
0
1897
0
3
0
878
Togo
TG
0
12787
0
121
0
10699
Trinidad and Tobago
TT
0
9676
0
159
0
8173
Tunisia
TN
0
300342
0
10304
0
249146
Turkey
TR
0
4629969
0
38358
0
4073644
Uganda
UG
0
41655
0
341
0
40898
Ukraine
UA
8058
2079200
237
44121
6610
1622422
United Arab Emirates
AE
0
510738
0
1571
0
492109
United Kingdom
GB
1733
4420443
11
127681
64
14452
United States of America
US
32065
32077178
279
572200
0
0
Uruguay
UY
0
184865
0
2326
0
154489
Uzbekistan
UZ
0
89027
0
643
0
85764
Vanuatu
VU
0
4
0
1
0
3
Venezuela (Bolivarian Republic)
VE
0
191518
0
2047
0
173097
Viet Nam
VN
0
2843
0
35
0
2516
Yemen
YE
0
6137
0
1187
0
2546
Zambia
ZM
0
91358
0
1246
0
89574
Zimbabwe
ZW
0
38086
0
1557
0
35123
